Duplicate rows found:
        Latitude  Longitude  Max_power
8      48.456817  10.029649      300.0
9      48.456817  10.029649      150.0
58     48.463346   9.947873      150.0
59     48.463346   9.947873      300.0
114    48.095430   9.792200       22.0
...          ...        ...        ...
36817  51.208250  10.462250       22.0
36837  50.795845  10.275135      150.0
36838  50.795845  10.275135      150.0
36862  51.028940  11.517130      150.0
36863  51.028940  11.517130      300.0

[2199 rows x 3 columns]